499923.8475781956
0 0 0 0
0 0 1 -10000000
0 0 2 -10000000
0 0 3 -10000000
0 1 0 -10000000
0 1 1 500000.0
0 1 2 -9500000.0
0 1 3 -9500000.0
0 2 0 -10000000
0 2 1 -8726.203218641755
0 2 2 -10000000
0 2 3 -10000000
0 3 0 -10000000
0 3 1 -10000000
0 3 2 -10000000
0 3 3 -10000000
0 4 0 -10000000
0 4 1 -10000000
0 4 2 -10000000
0 4 3 -10000000
0 5 0 -10000000
0 5 1 -10000000
0 5 2 -10000000
0 5 3 -10000000
1 0 0 -10000000
1 0 1 -10000000
1 0 2 -10000000
1 0 3 -10000000
1 1 0 0
1 1 1 -10000000
1 1 2 -10000000
1 1 3 -10000000
1 2 0 -10000000
1 2 1 -499923.8475781956
1 2 2 76.15242180437781
1 2 3 -9999923.847578196
1 3 0 -10000000
1 3 1 -500000.0
1 3 2 0.0
1 3 3 -10000000
1 4 0 -10000000
1 4 1 -10000000
1 4 2 -10000000
1 4 3 -10000000
1 5 0 -10000000
1 5 1 -10000000
1 5 2 -10000000
1 5 3 -10000000
2 0 0 -10000000
2 0 1 -10000000
2 0 2 -10000000
2 0 3 -10000000
2 1 0 -10000000
2 1 1 -10000000
2 1 2 -10000000
2 1 3 -10000000
2 2 0 0
2 2 1 -10000000
2 2 2 -10000000
2 2 3 -10000000
2 3 0 -10000000
2 3 1 8726.203218641755
2 3 2 0.0
2 3 3 8802.355640446132
2 4 0 -10000000
2 4 1 499923.8475781956
2 4 2 491197.6443595539
2 4 3 500000.0
2 5 0 -10000000
2 5 1 -10000000
2 5 2 -10000000
2 5 3 -10000000
3 0 0 -10000000
3 0 1 -10000000
3 0 2 -10000000
3 0 3 -10000000
3 1 0 -10000000
3 1 1 -10000000
3 1 2 -10000000
3 1 3 -10000000
3 2 0 -10000000
3 2 1 -10000000
3 2 2 -10000000
3 2 3 -10000000
3 3 0 -10000000
3 3 1 -10000000
3 3 2 -10000000
3 3 3 -10000000
3 4 0 -10000000
3 4 1 -10000000
3 4 2 -10000000
3 4 3 -10000000
3 5 0 -10000000
3 5 1 -10000000
3 5 2 -10000000
3 5 3 -10000000
4 0 0 -10000000
4 0 1 -10000000
4 0 2 -10000000
4 0 3 -10000000
4 1 0 -10000000
4 1 1 -10000000
4 1 2 -10000000
4 1 3 -10000000
4 2 0 -10000000
4 2 1 -10000000
4 2 2 -10000000
4 2 3 -10000000
4 3 0 -10000000
4 3 1 -10000000
4 3 2 -10000000
4 3 3 -10000000
4 4 0 -10000000
4 4 1 -10000000
4 4 2 -10000000
4 4 3 -10000000
4 5 0 -10000000
4 5 1 -10000000
4 5 2 -10000000
4 5 3 -10000000
5 0 0 -10000000
5 0 1 -10000000
5 0 2 -10000000
5 0 3 -10000000
5 1 0 -10000000
5 1 1 -10000000
5 1 2 -10000000
5 1 3 -10000000
5 2 0 -10000000
5 2 1 -10000000
5 2 2 -10000000
5 2 3 -10000000
5 3 0 -10000000
5 3 1 -10000000
5 3 2 -10000000
5 3 3 -10000000
5 4 0 -10000000
5 4 1 -10000000
5 4 2 -10000000
5 4 3 -10000000
5 5 0 -10000000
5 5 1 -10000000
5 5 2 -10000000
5 5 3 -10000000
0 0 -10000000
0 1 -9500000.0
0 2 -10000000
1 0 -10000000
1 1 -10000000
1 2 -9999923.847578196
1 3 -10000000
2 0 -10000000
2 1 -10000000
2 2 -10000000
2 3 8802.355640446132
2 4 500000.0
3 0 -10000000
3 1 -10000000
3 2 -10000000
3 3 -10000000
3 4 -10000000
3 5 -10000000
4 0 -10000000
4 1 -10000000
4 2 -10000000
4 3 -10000000
4 4 -10000000
4 5 -10000000
5 0 -10000000
5 1 -10000000
5 2 -10000000
5 3 -10000000
5 4 -10000000
5 5 -10000000
500000.0
