1001
501
1376
1252
1003
504
5708
11380
15311
14628
11086
7998
7256
8022
259625
1007790
2358949
4005550
5405017
6180100
6408362
6495087
6783840
7256062
7568470
7344036
6449232
5061104
3530148
2181644
989476336
978445334
861452390
520112771
536916260
589632204
241959484
961818884
987193813
87764597
511705652
117492713
895766938
539914717
613449259
799233530
82152865
289178571
526070647
571796334
166268044
39074876
383272380
916907612
15604963
470579011
812305241
111075580
59765304
855381964
65452012
308644340
328195856
985252866
471481803
300425282
668764553
731412549
287726967
866350073
705657836
441109023
610676714
133770720
236420909
851039026
110426625
553074998
104333512
747468355
28049599
33551858
493389114
438937266
34298113
686016772
911371763
2466405
93977869
424635537
510360871
766243819
468860654
594903952
982028688
969871149
290626850
667737328
11353743
255246235
649842986
246066362
132453813
320726692
213267916
173592309
415941594
925032232
715875460
61184838
617041326
132735566
161737752
337496400
42948257
611568030
587098481
463907967
793569444
55643868
415019410
429853105
249585364
618450855
347865326
277952005
463372071
101801314
665820790
581832399
689305994
138974062
587553119
811271966
243056219
371068297
541938973
436774242
221711174
995761397
663711405
271385991
552729587
533649031
404250112
569884632
283119292
409218011
767255157
841520515
438492490
537420578
924008749
747339491
769891495
126063342
834076746
793978632
703355476
99458514
75500385
63965571
58891360
531049378
136237321
566285382
803685058
205673998
982720869
299732738
218222676
59318543
620544417
480978018
558869780
789879739
555454567
387192908
810619739
918427770
635460183
220328095
557928598
79010132
834729882
639981360
197038537
901973227
713353689
82869987
456583436
716515586
95519873
704317562
232353344
581522440
965268165
631312086
886783265
376710569
433884609
365553524
961701739
958594809
364186351
519870470
99088040
176395464
615866210
921992537
927247663
322718349
784220145
690064467
117659785
479392143
519120496
885551618
56588987
302063116
834119259
139833882
308681646
299461009
628576320
681787994
780540533
319985588
761505805
816086165
538831685
342554519
914641729
470131591
587101096
907436176
985653962
189662473
772268771
386166720
120864473
514323934
495876433
568217342
752852707
883833989
870299817
80963484
658246503
488845899
228105717
196759873
891462912
312526055
93405223
680220351
475405547
94150961
694009767
840528289
245754945
532937521
121488563
214543961
929997902
504709092
782713757
148405356
739693788
605933326
883261397
332752339
527638861
162234536
846739135
913820440
11425569
211160123
157582269
834399803
264838068
676907123
701145906
211679599
190760825
965225835
462112733
886342334
704548199
759561407
115569526
978908295
365940365
861411247
302789148
605979338
924254771
302886935
796194854
783670906
164820480
580298346
835509732
345893969
343372239
465671541
228569476
436519427
78012644
175195168
429352084
314306257
594713997
161832006
559676271
602550985
107501295
459004808
867115496
718193288
871069259
659880984
783434662
622912138
822111507
860924761
439006027
262516652
865050377
975341973
728725028
868742191
501199640
846196808
999912948
842456191
189802273
31976646
103076656
933152700
468441859
556877844
290538895
85525024
369319397
156878657
177801731
32639968
787228748
303031908
894659472
301092316
290256543
251174889
508749119
416714225
85858587
970455001
406935357
689895263
731221955
228805196
874306406
977572549
857897912
294900067
815688654
367380695
476039150
924398786
772081575
173238426
612203795
9647353
9787394
112272990
471198185
550554632
290675329
162173452
548033933
67202495
749198027
463698239
704056802
418697763
914514216
858442955
673831568
842028715
484774787
105620391
924210462
567188334
147406803
92820410
295835575
249610542
796900789
706013546
50317716
945955785
305296362
996927320
665206331
635530127
717269926
42179470
867179857
87423318
430573790
528848584
544376534
89669103
402905113
766498056
825876463
710407466
198550656
129097690
518096010
121560980
219405864
722936954
756196275
262377371
832502976
793816992
593918326
510309674
727649439
613800731
610473712
733180854
321658161
658101942
15142674
622971726
568375279
786252634
96473560
992360365
594110795
908511322
959783234
4099809
324253406
197426270
721856452
77615001
3556273
511087841
946837141
955257520
813282884
190953558
349420407
833657041
895331508
188663843
177056849
759275504
199212372
839998119
864410081
706341277
114327375
194663862
510888031
28819029
74208300
440439434
67633092
308936743
283533226
16903036
806668075
592636810
780506536
69641866
820561130
726800473
117901672
862847244
365557488
915762687
572884686
125368527
935538924
168143287
182045653
107391909
60213596
925168945
572676195
406160963
677095405
741702345
379892906
721349537
705374529
314403469
480426176
76934732
27101832
415354290
510187014
646859845
211867116
311772193
469087294
702593828
152882920
64333840
660439328
302379648
461431350
276226656
418479895
653368209
186419126
645335729
678875551
214752939
342145608
428513514
408073266
554051336
397340337
769111505
63005679
659246836
211783604
930087242
462192896
511414003
350707847
112808666
152244608
734355877
78124684
841195106
359188918
294842287
658995683
492204013
17983686
894274240
868905462
734621380
832870545
2849184
921200412
673267448
242119597
980765066
199719061
428596466
766545266
813767670
129079867
433489338
872473836
957436475
64213598
720444648
222912953
536131001
792907388
350248507
739238220
749857183
826779855
848483791
557102716
393328785
881960974
830541680
335328048
152716542
760069493
933921878
348643711
667935720
861022170
220315707
736900602
367807744
107115763
93046767
731426569
182550975
984711097
479371243
910553296
732184618
295501609
594481373
396952160
762918706
425189406
75802520
708924733
268686483
821149915
374397559
222597271
987858561
479178202
413731074
826758286
792941713
245581247
286280872
119567681
303619094
138474377
573388432
826926729
363308565
479306339
418109990
82998798
478871521
308341600
343603608
529260774
839821177
373830256
899562436
845549702
301950979
18630202
652632998
766165884
721848718
818928565
841093011
210129808
781776973
88299198
701312672
119528011
505085574
598304462
239605843
591861923
402672018
152978800
170685541
451698218
813116501
137393885
620994156
802619663
819257136
903945251
614671829
549762393
499250890
533245754
703495686
632215224
184254120
706170809
550135773
84561709
639284134
218267689
980614720
448583114
43588728
801827982
666033915
359272379
588254101
93393637
506014440
94120348
928706028
837548113
179712444
325495426
158331780
688196260
826108779
619067835
501130662
723918783
225811251
187975757
268020688
769697461
617975207
537641649
379774357
653553112
761388999
469401881
853637347
580420705
370098950
979953757
964394584
561448316
8900360
796891308
70544339
573463203
152421122
227005246
533546893
496270665
522214778
818594117
172712757
226962851
850918732
395914825
744453124
353399496
699081368
376748003
505130284
80503722
834421279
426851520
928774679
362498559
691664783
537994349
965533236
799019489
696805674
685359757
52611723
810678286
100443996
143421235
529271716
107132820
277172338
435182797
634088459
972190940
620333345
307391088
514809187
709277445
871993601
964674687
510097252
176292838
325443186
342234264
634278007
888367723
401702405
762457274
270384324
852022503
88960468
295151974
689919399
291966603
552382440
377417838
36164641
851810164
488332049
239355718
177056960
928856024
583309240
456630204
96346438
633688131
28156545
330774924
728295940
815742969
914545758
701417109
531396583
553351144
182346220
822159098
66264317
710201766
684656943
885481571
788777651
539064295
860053361
874791948
441001325
933664365
275513824
104886286
668763779
798188488
484640812
165429426
824285230
732883747
706844503
196391931
746353071
655773663
507846124
713984595
525612737
757219463
955465124
756391696
426898860
392756315
341804145
64870029
915562712
689840952
944764606
892441465
64751671
595714184
224160295
137288160
896049372
102038736
612188009
106657702
175770694
334402218
96416605
234360177
727769071
208231522
337219335
183569700
125667415
741253439
633890071
713499839
351312511
431262672
522722460
214507644
255486889
884249523
223255743
50155828
983932179
500081317
3295078
417931853
451611422
602973301
338284048
396166473
548884969
926903534
794730698
704922914
16037239
191863120
427136936
703854159
77629677
57974271
70268999
77940584
358847155
452088007
897386773
165579572
857890426
933182346
450795193
134705201
721285187
173506556
187417375
197661906
514366268
89127434
106297785
917117110
813307493
612498022
723805242
604677972
918534338
572131707
937842036
2161130
967226211
257094912
738718081
183568832
281903255
873648500
817408181
971039731
197189882
344938779
631643138
261284363
484013068
151968244
103117048
668054328
540480115
799705063
645729685
894652753
113010820
563530345
791745176
942897683
533667841
850639526
802796782
837093816
916764297
719733499
537578402
492558887
444529382
485139862
764136713
662845471
180719899
644864137
804937436
701882056
867017199
46081643
431483566
768498340
877446611
676614355
548119887
663698228
179170535
105941328
448835213
19373755
260382236
248956148
251527316
225669208
459886572
893498937
397710911
667126543
566263599
749958512
629756141
255833433
693589751
325673372
114154335
934737487
683403284
993461342
46541659
597919570
188702596
734422575
581617438
67210962
945828201
780104732
837557598
384390583
691968659
325825600
860829230
1703610
712467304
693771266
212827675
174492847
840334548
931854981
941843141
785276346
687740865
423039024
164667839
6527710
252968922
239942599
688394827
406433789
604125609
20833251
125000
500
0
