0 26 45 0001 0010
0 26 72 0001 0011
0 26 81 0001 0100
0 26 47 0001 0101
0 26 97 0001 0110
0 26 97 0001 0111
0 26 2 0001 1000
0 26 2 0001 1001
0 26 25 0001 1010
0 26 82 0001 1011
0 26 84 0001 1100
0 26 17 0001 1101
0 26 56 0001 1110
0 26 32 0001 1111
0 45 72 0010 0011
0 45 81 0010 0100
0 45 47 0010 0101
0 45 97 0010 0110
0 45 97 0010 0111
0 45 2 0010 1000
0 45 2 0010 1001
0 45 25 0010 1010
0 45 82 0010 1011
0 45 84 0010 1100
0 45 17 0010 1101
0 45 56 0010 1110
0 45 32 0010 1111
0 72 81 0011 0100
0 72 47 0011 0101
0 72 97 0011 0110
0 72 97 0011 0111
0 72 2 0011 1000
0 72 2 0011 1001
0 72 25 0011 1010
0 72 82 0011 1011
0 72 84 0011 1100
0 72 17 0011 1101
0 72 56 0011 1110
0 72 32 0011 1111
0 81 47 0100 0101
0 81 97 0100 0110
0 81 97 0100 0111
0 81 2 0100 1000
0 81 2 0100 1001
0 81 25 0100 1010
0 81 82 0100 1011
0 81 84 0100 1100
0 81 17 0100 1101
0 81 56 0100 1110
0 81 32 0100 1111
0 47 97 0101 0110
0 47 97 0101 0111
0 47 2 0101 1000
0 47 2 0101 1001
0 47 25 0101 1010
0 47 82 0101 1011
0 47 84 0101 1100
0 47 17 0101 1101
0 47 56 0101 1110
0 47 32 0101 1111
0 97 97 0110 0111
0 97 2 0110 1000
0 97 2 0110 1001
0 97 25 0110 1010
0 97 82 0110 1011
0 97 84 0110 1100
0 97 17 0110 1101
0 97 56 0110 1110
0 97 32 0110 1111
0 97 2 0111 1000
0 97 2 0111 1001
0 97 25 0111 1010
0 97 82 0111 1011
0 97 84 0111 1100
0 97 17 0111 1101
0 97 56 0111 1110
0 97 32 0111 1111
0 2 2 1000 1001
0 2 25 1000 1010
0 2 82 1000 1011
0 2 84 1000 1100
0 2 17 1000 1101
0 2 56 1000 1110
0 2 32 1000 1111
0 2 25 1001 1010
0 2 82 1001 1011
0 2 84 1001 1100
0 2 17 1001 1101
0 2 56 1001 1110
0 2 32 1001 1111
0 25 82 1010 1011
0 25 84 1010 1100
0 25 17 1010 1101
0 25 56 1010 1110
0 25 32 1010 1111
0 82 84 1011 1100
0 82 17 1011 1101
0 82 56 1011 1110
0 82 32 1011 1111
0 84 17 1100 1101
0 84 56 1100 1110
0 84 32 1100 1111
0 17 56 1101 1110
0 17 32 1101 1111
0 56 32 1110 1111
1 75 26 0000 0001
1 26 45 0001 0010
1 26 72 0001 0011
1 26 81 0001 0100
1 26 47 0001 0101
1 26 97 0001 0110
1 26 97 0001 0111
1 26 2 0001 1000
1 26 2 0001 1001
1 26 25 0001 1010
1 26 82 0001 1011
1 26 84 0001 1100
1 26 17 0001 1101
1 26 56 0001 1110
1 26 32 0001 1111
1 45 72 0010 0011
1 45 81 0010 0100
1 45 47 0010 0101
1 45 97 0010 0110
1 45 97 0010 0111
1 45 2 0010 1000
1 45 2 0010 1001
1 45 25 0010 1010
1 45 82 0010 1011
1 45 84 0010 1100
1 45 17 0010 1101
1 45 56 0010 1110
1 45 32 0010 1111
1 72 81 0011 0100
1 72 47 0011 0101
1 72 97 0011 0110
1 72 97 0011 0111
1 72 2 0011 1000
1 72 2 0011 1001
1 72 25 0011 1010
1 72 82 0011 1011
1 72 84 0011 1100
1 72 17 0011 1101
1 72 56 0011 1110
1 72 32 0011 1111
1 81 47 0100 0101
1 81 97 0100 0110
1 81 97 0100 0111
1 81 2 0100 1000
1 81 2 0100 1001
1 81 25 0100 1010
1 81 82 0100 1011
1 81 84 0100 1100
1 81 17 0100 1101
1 81 56 0100 1110
1 81 32 0100 1111
1 47 97 0101 0110
1 47 97 0101 0111
1 47 2 0101 1000
1 47 2 0101 1001
1 47 25 0101 1010
1 47 82 0101 1011
1 47 84 0101 1100
1 47 17 0101 1101
1 47 56 0101 1110
1 47 32 0101 1111
1 97 97 0110 0111
1 97 2 0110 1000
1 97 2 0110 1001
1 97 25 0110 1010
1 97 82 0110 1011
1 97 84 0110 1100
1 97 17 0110 1101
1 97 56 0110 1110
1 97 32 0110 1111
1 97 2 0111 1000
1 97 2 0111 1001
1 97 25 0111 1010
1 97 82 0111 1011
1 97 84 0111 1100
1 97 17 0111 1101
1 97 56 0111 1110
1 97 32 0111 1111
1 2 2 1000 1001
1 2 25 1000 1010
1 2 82 1000 1011
1 2 84 1000 1100
1 2 17 1000 1101
1 2 56 1000 1110
1 2 32 1000 1111
1 2 25 1001 1010
1 2 82 1001 1011
1 2 84 1001 1100
1 2 17 1001 1101
1 2 56 1001 1110
1 2 32 1001 1111
1 25 82 1010 1011
1 25 84 1010 1100
1 25 17 1010 1101
1 25 56 1010 1110
1 25 32 1010 1111
1 82 84 1011 1100
1 82 17 1011 1101
1 82 56 1011 1110
1 82 32 1011 1111
1 84 17 1100 1101
1 84 56 1100 1110
1 84 32 1100 1111
1 17 56 1101 1110
1 17 32 1101 1111
1 56 32 1110 1111
2 75 26 0000 0001
2 75 45 0000 0010
2 26 45 0001 0010
2 26 72 0001 0011
2 26 81 0001 0100
2 26 47 0001 0101
2 26 97 0001 0110
2 26 97 0001 0111
2 26 2 0001 1000
2 26 2 0001 1001
2 26 25 0001 1010
2 26 82 0001 1011
2 26 84 0001 1100
2 26 17 0001 1101
2 26 56 0001 1110
2 26 32 0001 1111
2 45 72 0010 0011
2 45 81 0010 0100
2 45 47 0010 0101
2 45 97 0010 0110
2 45 97 0010 0111
2 45 2 0010 1000
2 45 2 0010 1001
2 45 25 0010 1010
2 45 82 0010 1011
2 45 84 0010 1100
2 45 17 0010 1101
2 45 56 0010 1110
2 45 32 0010 1111
2 72 81 0011 0100
2 72 47 0011 0101
2 72 97 0011 0110
2 72 97 0011 0111
2 72 2 0011 1000
2 72 2 0011 1001
2 72 25 0011 1010
2 72 82 0011 1011
2 72 84 0011 1100
2 72 17 0011 1101
2 72 56 0011 1110
2 72 32 0011 1111
2 81 47 0100 0101
2 81 97 0100 0110
2 81 97 0100 0111
2 81 2 0100 1000
2 81 2 0100 1001
2 81 25 0100 1010
2 81 82 0100 1011
2 81 84 0100 1100
2 81 17 0100 1101
2 81 56 0100 1110
2 81 32 0100 1111
2 47 97 0101 0110
2 47 97 0101 0111
2 47 2 0101 1000
2 47 2 0101 1001
2 47 25 0101 1010
2 47 82 0101 1011
2 47 84 0101 1100
2 47 17 0101 1101
2 47 56 0101 1110
2 47 32 0101 1111
2 97 97 0110 0111
2 97 2 0110 1000
2 97 2 0110 1001
2 97 25 0110 1010
2 97 82 0110 1011
2 97 84 0110 1100
2 97 17 0110 1101
2 97 56 0110 1110
2 97 32 0110 1111
2 97 2 0111 1000
2 97 2 0111 1001
2 97 25 0111 1010
2 97 82 0111 1011
2 97 84 0111 1100
2 97 17 0111 1101
2 97 56 0111 1110
2 97 32 0111 1111
2 2 2 1000 1001
2 2 25 1000 1010
2 2 82 1000 1011
2 2 84 1000 1100
2 2 17 1000 1101
2 2 56 1000 1110
2 2 32 1000 1111
2 2 25 1001 1010
2 2 82 1001 1011
2 2 84 1001 1100
2 2 17 1001 1101
2 2 56 1001 1110
2 2 32 1001 1111
2 25 82 1010 1011
2 25 84 1010 1100
2 25 17 1010 1101
2 25 56 1010 1110
2 25 32 1010 1111
2 82 84 1011 1100
2 82 17 1011 1101
2 82 56 1011 1110
2 82 32 1011 1111
2 84 17 1100 1101
2 84 56 1100 1110
2 84 32 1100 1111
2 17 56 1101 1110
2 17 32 1101 1111
2 56 32 1110 1111
3 75 26 0000 0001
3 75 45 0000 0010
3 75 72 0000 0011
3 26 45 0001 0010
3 26 72 0001 0011
3 26 81 0001 0100
3 26 47 0001 0101
3 26 97 0001 0110
3 26 97 0001 0111
3 26 2 0001 1000
3 26 2 0001 1001
3 26 25 0001 1010
3 26 82 0001 1011
3 26 84 0001 1100
3 26 17 0001 1101
3 26 56 0001 1110
3 26 32 0001 1111
3 45 72 0010 0011
3 45 81 0010 0100
3 45 47 0010 0101
3 45 97 0010 0110
3 45 97 0010 0111
3 45 2 0010 1000
3 45 2 0010 1001
3 45 25 0010 1010
3 45 82 0010 1011
3 45 84 0010 1100
3 45 17 0010 1101
3 45 56 0010 1110
3 45 32 0010 1111
3 72 81 0011 0100
3 72 47 0011 0101
3 72 97 0011 0110
3 72 97 0011 0111
3 72 2 0011 1000
3 72 2 0011 1001
3 72 25 0011 1010
3 72 82 0011 1011
3 72 84 0011 1100
3 72 17 0011 1101
3 72 56 0011 1110
3 72 32 0011 1111
3 81 47 0100 0101
3 81 97 0100 0110
3 81 97 0100 0111
3 81 2 0100 1000
3 81 2 0100 1001
3 81 25 0100 1010
3 81 82 0100 1011
3 81 84 0100 1100
3 81 17 0100 1101
3 81 56 0100 1110
3 81 32 0100 1111
3 47 97 0101 0110
3 47 97 0101 0111
3 47 2 0101 1000
3 47 2 0101 1001
3 47 25 0101 1010
3 47 82 0101 1011
3 47 84 0101 1100
3 47 17 0101 1101
3 47 56 0101 1110
3 47 32 0101 1111
3 97 97 0110 0111
3 97 2 0110 1000
3 97 2 0110 1001
3 97 25 0110 1010
3 97 82 0110 1011
3 97 84 0110 1100
3 97 17 0110 1101
3 97 56 0110 1110
3 97 32 0110 1111
3 97 2 0111 1000
3 97 2 0111 1001
3 97 25 0111 1010
3 97 82 0111 1011
3 97 84 0111 1100
3 97 17 0111 1101
3 97 56 0111 1110
3 97 32 0111 1111
3 2 2 1000 1001
3 2 25 1000 1010
3 2 82 1000 1011
3 2 84 1000 1100
3 2 17 1000 1101
3 2 56 1000 1110
3 2 32 1000 1111
3 2 25 1001 1010
3 2 82 1001 1011
3 2 84 1001 1100
3 2 17 1001 1101
3 2 56 1001 1110
3 2 32 1001 1111
3 25 82 1010 1011
3 25 84 1010 1100
3 25 17 1010 1101
3 25 56 1010 1110
3 25 32 1010 1111
3 82 84 1011 1100
3 82 17 1011 1101
3 82 56 1011 1110
3 82 32 1011 1111
3 84 17 1100 1101
3 84 56 1100 1110
3 84 32 1100 1111
3 17 56 1101 1110
3 17 32 1101 1111
3 56 32 1110 1111
4 75 26 0000 0001
4 75 45 0000 0010
4 75 72 0000 0011
4 75 81 0000 0100
4 26 45 0001 0010
4 26 72 0001 0011
4 26 81 0001 0100
4 26 47 0001 0101
4 26 97 0001 0110
4 26 97 0001 0111
4 26 2 0001 1000
4 26 2 0001 1001
4 26 25 0001 1010
4 26 82 0001 1011
4 26 84 0001 1100
4 26 17 0001 1101
4 26 56 0001 1110
4 26 32 0001 1111
4 45 72 0010 0011
4 45 81 0010 0100
4 45 47 0010 0101
4 45 97 0010 0110
4 45 97 0010 0111
4 45 2 0010 1000
4 45 2 0010 1001
4 45 25 0010 1010
4 45 82 0010 1011
4 45 84 0010 1100
4 45 17 0010 1101
4 45 56 0010 1110
4 45 32 0010 1111
4 72 81 0011 0100
4 72 47 0011 0101
4 72 97 0011 0110
4 72 97 0011 0111
4 72 2 0011 1000
4 72 2 0011 1001
4 72 25 0011 1010
4 72 82 0011 1011
4 72 84 0011 1100
4 72 17 0011 1101
4 72 56 0011 1110
4 72 32 0011 1111
4 81 47 0100 0101
4 81 97 0100 0110
4 81 97 0100 0111
4 81 2 0100 1000
4 81 2 0100 1001
4 81 25 0100 1010
4 81 82 0100 1011
4 81 84 0100 1100
4 81 17 0100 1101
4 81 56 0100 1110
4 81 32 0100 1111
4 47 97 0101 0110
4 47 97 0101 0111
4 47 2 0101 1000
4 47 2 0101 1001
4 47 25 0101 1010
4 47 82 0101 1011
4 47 84 0101 1100
4 47 17 0101 1101
4 47 56 0101 1110
4 47 32 0101 1111
4 97 97 0110 0111
4 97 2 0110 1000
4 97 2 0110 1001
4 97 25 0110 1010
4 97 82 0110 1011
4 97 84 0110 1100
4 97 17 0110 1101
4 97 56 0110 1110
4 97 32 0110 1111
4 97 2 0111 1000
4 97 2 0111 1001
4 97 25 0111 1010
4 97 82 0111 1011
4 97 84 0111 1100
4 97 17 0111 1101
4 97 56 0111 1110
4 97 32 0111 1111
4 2 2 1000 1001
4 2 25 1000 1010
4 2 82 1000 1011
4 2 84 1000 1100
4 2 17 1000 1101
4 2 56 1000 1110
4 2 32 1000 1111
4 2 25 1001 1010
4 2 82 1001 1011
4 2 84 1001 1100
4 2 17 1001 1101
4 2 56 1001 1110
4 2 32 1001 1111
4 25 82 1010 1011
4 25 84 1010 1100
4 25 17 1010 1101
4 25 56 1010 1110
4 25 32 1010 1111
4 82 84 1011 1100
4 82 17 1011 1101
4 82 56 1011 1110
4 82 32 1011 1111
4 84 17 1100 1101
4 84 56 1100 1110
4 84 32 1100 1111
4 17 56 1101 1110
4 17 32 1101 1111
4 56 32 1110 1111
5 75 26 0000 0001
5 75 45 0000 0010
5 75 72 0000 0011
5 75 81 0000 0100
5 75 47 0000 0101
5 26 45 0001 0010
5 26 72 0001 0011
5 26 81 0001 0100
5 26 47 0001 0101
5 26 97 0001 0110
5 26 97 0001 0111
5 26 2 0001 1000
5 26 2 0001 1001
5 26 25 0001 1010
5 26 82 0001 1011
5 26 84 0001 1100
5 26 17 0001 1101
5 26 56 0001 1110
5 26 32 0001 1111
5 45 72 0010 0011
5 45 81 0010 0100
5 45 47 0010 0101
5 45 97 0010 0110
5 45 97 0010 0111
5 45 2 0010 1000
5 45 2 0010 1001
5 45 25 0010 1010
5 45 82 0010 1011
5 45 84 0010 1100
5 45 17 0010 1101
5 45 56 0010 1110
5 45 32 0010 1111
5 72 81 0011 0100
5 72 47 0011 0101
5 72 97 0011 0110
5 72 97 0011 0111
5 72 2 0011 1000
5 72 2 0011 1001
5 72 25 0011 1010
5 72 82 0011 1011
5 72 84 0011 1100
5 72 17 0011 1101
5 72 56 0011 1110
5 72 32 0011 1111
5 81 47 0100 0101
5 81 97 0100 0110
5 81 97 0100 0111
5 81 2 0100 1000
5 81 2 0100 1001
5 81 25 0100 1010
5 81 82 0100 1011
5 81 84 0100 1100
5 81 17 0100 1101
5 81 56 0100 1110
5 81 32 0100 1111
5 47 97 0101 0110
5 47 97 0101 0111
5 47 2 0101 1000
5 47 2 0101 1001
5 47 25 0101 1010
5 47 82 0101 1011
5 47 84 0101 1100
5 47 17 0101 1101
5 47 56 0101 1110
5 47 32 0101 1111
5 97 97 0110 0111
5 97 2 0110 1000
5 97 2 0110 1001
5 97 25 0110 1010
5 97 82 0110 1011
5 97 84 0110 1100
5 97 17 0110 1101
5 97 56 0110 1110
5 97 32 0110 1111
5 97 2 0111 1000
5 97 2 0111 1001
5 97 25 0111 1010
5 97 82 0111 1011
5 97 84 0111 1100
5 97 17 0111 1101
5 97 56 0111 1110
5 97 32 0111 1111
5 2 2 1000 1001
5 2 25 1000 1010
5 2 82 1000 1011
5 2 84 1000 1100
5 2 17 1000 1101
5 2 56 1000 1110
5 2 32 1000 1111
5 2 25 1001 1010
5 2 82 1001 1011
5 2 84 1001 1100
5 2 17 1001 1101
5 2 56 1001 1110
5 2 32 1001 1111
5 25 82 1010 1011
5 25 84 1010 1100
5 25 17 1010 1101
5 25 56 1010 1110
5 25 32 1010 1111
5 82 84 1011 1100
5 82 17 1011 1101
5 82 56 1011 1110
5 82 32 1011 1111
5 84 17 1100 1101
5 84 56 1100 1110
5 84 32 1100 1111
5 17 56 1101 1110
5 17 32 1101 1111
5 56 32 1110 1111
6 75 26 0000 0001
6 75 45 0000 0010
6 75 72 0000 0011
6 75 81 0000 0100
6 75 47 0000 0101
6 75 97 0000 0110
6 26 45 0001 0010
6 26 72 0001 0011
6 26 81 0001 0100
6 26 47 0001 0101
6 26 97 0001 0110
6 26 97 0001 0111
6 26 2 0001 1000
6 26 2 0001 1001
6 26 25 0001 1010
6 26 82 0001 1011
6 26 84 0001 1100
6 26 17 0001 1101
6 26 56 0001 1110
6 26 32 0001 1111
6 45 72 0010 0011
6 45 81 0010 0100
6 45 47 0010 0101
6 45 97 0010 0110
6 45 97 0010 0111
6 45 2 0010 1000
6 45 2 0010 1001
6 45 25 0010 1010
6 45 82 0010 1011
6 45 84 0010 1100
6 45 17 0010 1101
6 45 56 0010 1110
6 45 32 0010 1111
6 72 81 0011 0100
6 72 47 0011 0101
6 72 97 0011 0110
6 72 97 0011 0111
6 72 2 0011 1000
6 72 2 0011 1001
6 72 25 0011 1010
6 72 82 0011 1011
6 72 84 0011 1100
6 72 17 0011 1101
6 72 56 0011 1110
6 72 32 0011 1111
6 81 47 0100 0101
6 81 97 0100 0110
6 81 97 0100 0111
6 81 2 0100 1000
6 81 2 0100 1001
6 81 25 0100 1010
6 81 82 0100 1011
6 81 84 0100 1100
6 81 17 0100 1101
6 81 56 0100 1110
6 81 32 0100 1111
6 47 97 0101 0110
6 47 97 0101 0111
6 47 2 0101 1000
6 47 2 0101 1001
6 47 25 0101 1010
6 47 82 0101 1011
6 47 84 0101 1100
6 47 17 0101 1101
6 47 56 0101 1110
6 47 32 0101 1111
6 97 97 0110 0111
6 97 2 0110 1000
6 97 2 0110 1001
6 97 25 0110 1010
6 97 82 0110 1011
6 97 84 0110 1100
6 97 17 0110 1101
6 97 56 0110 1110
6 97 32 0110 1111
6 97 2 0111 1000
6 97 2 0111 1001
6 97 25 0111 1010
6 97 82 0111 1011
6 97 84 0111 1100
6 97 17 0111 1101
6 97 56 0111 1110
6 97 32 0111 1111
6 2 2 1000 1001
6 2 25 1000 1010
6 2 82 1000 1011
6 2 84 1000 1100
6 2 17 1000 1101
6 2 56 1000 1110
6 2 32 1000 1111
6 2 25 1001 1010
6 2 82 1001 1011
6 2 84 1001 1100
6 2 17 1001 1101
6 2 56 1001 1110
6 2 32 1001 1111
6 25 82 1010 1011
6 25 84 1010 1100
6 25 17 1010 1101
6 25 56 1010 1110
6 25 32 1010 1111
6 82 84 1011 1100
6 82 17 1011 1101
6 82 56 1011 1110
6 82 32 1011 1111
6 84 17 1100 1101
6 84 56 1100 1110
6 84 32 1100 1111
6 17 56 1101 1110
6 17 32 1101 1111
6 56 32 1110 1111
7 75 26 0000 0001
7 75 45 0000 0010
7 75 72 0000 0011
7 75 81 0000 0100
7 75 47 0000 0101
7 75 97 0000 0110
7 75 97 0000 0111
7 26 45 0001 0010
7 26 72 0001 0011
7 26 81 0001 0100
7 26 47 0001 0101
7 26 97 0001 0110
7 26 97 0001 0111
7 26 2 0001 1000
7 26 2 0001 1001
7 26 25 0001 1010
7 26 82 0001 1011
7 26 84 0001 1100
7 26 17 0001 1101
7 26 56 0001 1110
7 26 32 0001 1111
7 45 72 0010 0011
7 45 81 0010 0100
7 45 47 0010 0101
7 45 97 0010 0110
7 45 97 0010 0111
7 45 2 0010 1000
7 45 2 0010 1001
7 45 25 0010 1010
7 45 82 0010 1011
7 45 84 0010 1100
7 45 17 0010 1101
7 45 56 0010 1110
7 45 32 0010 1111
7 72 81 0011 0100
7 72 47 0011 0101
7 72 97 0011 0110
7 72 97 0011 0111
7 72 2 0011 1000
7 72 2 0011 1001
7 72 25 0011 1010
7 72 82 0011 1011
7 72 84 0011 1100
7 72 17 0011 1101
7 72 56 0011 1110
7 72 32 0011 1111
7 81 47 0100 0101
7 81 97 0100 0110
7 81 97 0100 0111
7 81 2 0100 1000
7 81 2 0100 1001
7 81 25 0100 1010
7 81 82 0100 1011
7 81 84 0100 1100
7 81 17 0100 1101
7 81 56 0100 1110
7 81 32 0100 1111
7 47 97 0101 0110
7 47 97 0101 0111
7 47 2 0101 1000
7 47 2 0101 1001
7 47 25 0101 1010
7 47 82 0101 1011
7 47 84 0101 1100
7 47 17 0101 1101
7 47 56 0101 1110
7 47 32 0101 1111
7 97 97 0110 0111
7 97 2 0110 1000
7 97 2 0110 1001
7 97 25 0110 1010
7 97 82 0110 1011
7 97 84 0110 1100
7 97 17 0110 1101
7 97 56 0110 1110
7 97 32 0110 1111
7 97 2 0111 1000
7 97 2 0111 1001
7 97 25 0111 1010
7 97 82 0111 1011
7 97 84 0111 1100
7 97 17 0111 1101
7 97 56 0111 1110
7 97 32 0111 1111
7 2 2 1000 1001
7 2 25 1000 1010
7 2 82 1000 1011
7 2 84 1000 1100
7 2 17 1000 1101
7 2 56 1000 1110
7 2 32 1000 1111
7 2 25 1001 1010
7 2 82 1001 1011
7 2 84 1001 1100
7 2 17 1001 1101
7 2 56 1001 1110
7 2 32 1001 1111
7 25 82 1010 1011
7 25 84 1010 1100
7 25 17 1010 1101
7 25 56 1010 1110
7 25 32 1010 1111
7 82 84 1011 1100
7 82 17 1011 1101
7 82 56 1011 1110
7 82 32 1011 1111
7 84 17 1100 1101
7 84 56 1100 1110
7 84 32 1100 1111
7 17 56 1101 1110
7 17 32 1101 1111
7 56 32 1110 1111
8 75 26 0000 0001
8 75 45 0000 0010
8 75 72 0000 0011
8 75 81 0000 0100
8 75 47 0000 0101
8 75 97 0000 0110
8 75 97 0000 0111
8 75 2 0000 1000
8 26 45 0001 0010
8 26 72 0001 0011
8 26 81 0001 0100
8 26 47 0001 0101
8 26 97 0001 0110
8 26 97 0001 0111
8 26 2 0001 1000
8 26 2 0001 1001
8 26 25 0001 1010
8 26 82 0001 1011
8 26 84 0001 1100
8 26 17 0001 1101
8 26 56 0001 1110
8 26 32 0001 1111
8 45 72 0010 0011
8 45 81 0010 0100
8 45 47 0010 0101
8 45 97 0010 0110
8 45 97 0010 0111
8 45 2 0010 1000
8 45 2 0010 1001
8 45 25 0010 1010
8 45 82 0010 1011
8 45 84 0010 1100
8 45 17 0010 1101
8 45 56 0010 1110
8 45 32 0010 1111
8 72 81 0011 0100
8 72 47 0011 0101
8 72 97 0011 0110
8 72 97 0011 0111
8 72 2 0011 1000
8 72 2 0011 1001
8 72 25 0011 1010
8 72 82 0011 1011
8 72 84 0011 1100
8 72 17 0011 1101
8 72 56 0011 1110
8 72 32 0011 1111
8 81 47 0100 0101
8 81 97 0100 0110
8 81 97 0100 0111
8 81 2 0100 1000
8 81 2 0100 1001
8 81 25 0100 1010
8 81 82 0100 1011
8 81 84 0100 1100
8 81 17 0100 1101
8 81 56 0100 1110
8 81 32 0100 1111
8 47 97 0101 0110
8 47 97 0101 0111
8 47 2 0101 1000
8 47 2 0101 1001
8 47 25 0101 1010
8 47 82 0101 1011
8 47 84 0101 1100
8 47 17 0101 1101
8 47 56 0101 1110
8 47 32 0101 1111
8 97 97 0110 0111
8 97 2 0110 1000
8 97 2 0110 1001
8 97 25 0110 1010
8 97 82 0110 1011
8 97 84 0110 1100
8 97 17 0110 1101
8 97 56 0110 1110
8 97 32 0110 1111
8 97 2 0111 1000
8 97 2 0111 1001
8 97 25 0111 1010
8 97 82 0111 1011
8 97 84 0111 1100
8 97 17 0111 1101
8 97 56 0111 1110
8 97 32 0111 1111
8 2 2 1000 1001
8 2 25 1000 1010
8 2 82 1000 1011
8 2 84 1000 1100
8 2 17 1000 1101
8 2 56 1000 1110
8 2 32 1000 1111
8 2 25 1001 1010
8 2 82 1001 1011
8 2 84 1001 1100
8 2 17 1001 1101
8 2 56 1001 1110
8 2 32 1001 1111
8 25 82 1010 1011
8 25 84 1010 1100
8 25 17 1010 1101
8 25 56 1010 1110
8 25 32 1010 1111
8 82 84 1011 1100
8 82 17 1011 1101
8 82 56 1011 1110
8 82 32 1011 1111
8 84 17 1100 1101
8 84 56 1100 1110
8 84 32 1100 1111
8 17 56 1101 1110
8 17 32 1101 1111
8 56 32 1110 1111
9 75 26 0000 0001
9 75 45 0000 0010
9 75 72 0000 0011
9 75 81 0000 0100
9 75 47 0000 0101
9 75 97 0000 0110
9 75 97 0000 0111
9 75 2 0000 1000
9 75 2 0000 1001
9 26 45 0001 0010
9 26 72 0001 0011
9 26 81 0001 0100
9 26 47 0001 0101
9 26 97 0001 0110
9 26 97 0001 0111
9 26 2 0001 1000
9 26 2 0001 1001
9 26 25 0001 1010
9 26 82 0001 1011
9 26 84 0001 1100
9 26 17 0001 1101
9 26 56 0001 1110
9 26 32 0001 1111
9 45 72 0010 0011
9 45 81 0010 0100
9 45 47 0010 0101
9 45 97 0010 0110
9 45 97 0010 0111
9 45 2 0010 1000
9 45 2 0010 1001
9 45 25 0010 1010
9 45 82 0010 1011
9 45 84 0010 1100
9 45 17 0010 1101
9 45 56 0010 1110
9 45 32 0010 1111
9 72 81 0011 0100
9 72 47 0011 0101
9 72 97 0011 0110
9 72 97 0011 0111
9 72 2 0011 1000
9 72 2 0011 1001
9 72 25 0011 1010
9 72 82 0011 1011
9 72 84 0011 1100
9 72 17 0011 1101
9 72 56 0011 1110
9 72 32 0011 1111
9 81 47 0100 0101
9 81 97 0100 0110
9 81 97 0100 0111
9 81 2 0100 1000
9 81 2 0100 1001
9 81 25 0100 1010
9 81 82 0100 1011
9 81 84 0100 1100
9 81 17 0100 1101
9 81 56 0100 1110
9 81 32 0100 1111
9 47 97 0101 0110
9 47 97 0101 0111
9 47 2 0101 1000
9 47 2 0101 1001
9 47 25 0101 1010
9 47 82 0101 1011
9 47 84 0101 1100
9 47 17 0101 1101
9 47 56 0101 1110
9 47 32 0101 1111
9 97 97 0110 0111
9 97 2 0110 1000
9 97 2 0110 1001
9 97 25 0110 1010
9 97 82 0110 1011
9 97 84 0110 1100
9 97 17 0110 1101
9 97 56 0110 1110
9 97 32 0110 1111
9 97 2 0111 1000
9 97 2 0111 1001
9 97 25 0111 1010
9 97 82 0111 1011
9 97 84 0111 1100
9 97 17 0111 1101
9 97 56 0111 1110
9 97 32 0111 1111
9 2 2 1000 1001
9 2 25 1000 1010
9 2 82 1000 1011
9 2 84 1000 1100
9 2 17 1000 1101
9 2 56 1000 1110
9 2 32 1000 1111
9 2 25 1001 1010
9 2 82 1001 1011
9 2 84 1001 1100
9 2 17 1001 1101
9 2 56 1001 1110
9 2 32 1001 1111
9 25 82 1010 1011
9 25 84 1010 1100
9 25 17 1010 1101
9 25 56 1010 1110
9 25 32 1010 1111
9 82 84 1011 1100
9 82 17 1011 1101
9 82 56 1011 1110
9 82 32 1011 1111
9 84 17 1100 1101
9 84 56 1100 1110
9 84 32 1100 1111
9 17 56 1101 1110
9 17 32 1101 1111
9 56 32 1110 1111
10 75 26 0000 0001
10 75 45 0000 0010
10 75 72 0000 0011
10 75 81 0000 0100
10 75 47 0000 0101
10 75 97 0000 0110
10 75 97 0000 0111
10 75 2 0000 1000
10 75 2 0000 1001
10 75 25 0000 1010
10 26 45 0001 0010
10 26 72 0001 0011
10 26 81 0001 0100
10 26 47 0001 0101
10 26 97 0001 0110
10 26 97 0001 0111
10 26 2 0001 1000
10 26 2 0001 1001
10 26 25 0001 1010
10 26 82 0001 1011
10 26 84 0001 1100
10 26 17 0001 1101
10 26 56 0001 1110
10 26 32 0001 1111
10 45 72 0010 0011
10 45 81 0010 0100
10 45 47 0010 0101
10 45 97 0010 0110
10 45 97 0010 0111
10 45 2 0010 1000
10 45 2 0010 1001
10 45 25 0010 1010
10 45 82 0010 1011
10 45 84 0010 1100
10 45 17 0010 1101
10 45 56 0010 1110
10 45 32 0010 1111
10 72 81 0011 0100
10 72 47 0011 0101
10 72 97 0011 0110
10 72 97 0011 0111
10 72 2 0011 1000
10 72 2 0011 1001
10 72 25 0011 1010
10 72 82 0011 1011
10 72 84 0011 1100
10 72 17 0011 1101
10 72 56 0011 1110
10 72 32 0011 1111
10 81 47 0100 0101
10 81 97 0100 0110
10 81 97 0100 0111
10 81 2 0100 1000
10 81 2 0100 1001
10 81 25 0100 1010
10 81 82 0100 1011
10 81 84 0100 1100
10 81 17 0100 1101
10 81 56 0100 1110
10 81 32 0100 1111
10 47 97 0101 0110
10 47 97 0101 0111
10 47 2 0101 1000
10 47 2 0101 1001
10 47 25 0101 1010
10 47 82 0101 1011
10 47 84 0101 1100
10 47 17 0101 1101
10 47 56 0101 1110
10 47 32 0101 1111
10 97 97 0110 0111
10 97 2 0110 1000
10 97 2 0110 1001
10 97 25 0110 1010
10 97 82 0110 1011
10 97 84 0110 1100
10 97 17 0110 1101
10 97 56 0110 1110
10 97 32 0110 1111
10 97 2 0111 1000
10 97 2 0111 1001
10 97 25 0111 1010
10 97 82 0111 1011
10 97 84 0111 1100
10 97 17 0111 1101
10 97 56 0111 1110
10 97 32 0111 1111
10 2 2 1000 1001
10 2 25 1000 1010
10 2 82 1000 1011
10 2 84 1000 1100
10 2 17 1000 1101
10 2 56 1000 1110
10 2 32 1000 1111
10 2 25 1001 1010
10 2 82 1001 1011
10 2 84 1001 1100
10 2 17 1001 1101
10 2 56 1001 1110
10 2 32 1001 1111
10 25 82 1010 1011
10 25 84 1010 1100
10 25 17 1010 1101
10 25 56 1010 1110
10 25 32 1010 1111
10 82 84 1011 1100
10 82 17 1011 1101
10 82 56 1011 1110
10 82 32 1011 1111
10 84 17 1100 1101
10 84 56 1100 1110
10 84 32 1100 1111
10 17 56 1101 1110
10 17 32 1101 1111
10 56 32 1110 1111
11 75 26 0000 0001
11 75 45 0000 0010
11 75 72 0000 0011
11 75 81 0000 0100
11 75 47 0000 0101
11 75 97 0000 0110
11 75 97 0000 0111
11 75 2 0000 1000
11 75 2 0000 1001
11 75 25 0000 1010
11 75 82 0000 1011
11 26 45 0001 0010
11 26 72 0001 0011
11 26 81 0001 0100
11 26 47 0001 0101
11 26 97 0001 0110
11 26 97 0001 0111
11 26 2 0001 1000
11 26 2 0001 1001
11 26 25 0001 1010
11 26 82 0001 1011
11 26 84 0001 1100
11 26 17 0001 1101
11 26 56 0001 1110
11 26 32 0001 1111
11 45 72 0010 0011
11 45 81 0010 0100
11 45 47 0010 0101
11 45 97 0010 0110
11 45 97 0010 0111
11 45 2 0010 1000
11 45 2 0010 1001
11 45 25 0010 1010
11 45 82 0010 1011
11 45 84 0010 1100
11 45 17 0010 1101
11 45 56 0010 1110
11 45 32 0010 1111
11 72 81 0011 0100
11 72 47 0011 0101
11 72 97 0011 0110
11 72 97 0011 0111
11 72 2 0011 1000
11 72 2 0011 1001
11 72 25 0011 1010
11 72 82 0011 1011
11 72 84 0011 1100
11 72 17 0011 1101
11 72 56 0011 1110
11 72 32 0011 1111
11 81 47 0100 0101
11 81 97 0100 0110
11 81 97 0100 0111
11 81 2 0100 1000
11 81 2 0100 1001
11 81 25 0100 1010
11 81 82 0100 1011
11 81 84 0100 1100
11 81 17 0100 1101
11 81 56 0100 1110
11 81 32 0100 1111
11 47 97 0101 0110
11 47 97 0101 0111
11 47 2 0101 1000
11 47 2 0101 1001
11 47 25 0101 1010
11 47 82 0101 1011
11 47 84 0101 1100
11 47 17 0101 1101
11 47 56 0101 1110
11 47 32 0101 1111
11 97 97 0110 0111
11 97 2 0110 1000
11 97 2 0110 1001
11 97 25 0110 1010
11 97 82 0110 1011
11 97 84 0110 1100
11 97 17 0110 1101
11 97 56 0110 1110
11 97 32 0110 1111
11 97 2 0111 1000
11 97 2 0111 1001
11 97 25 0111 1010
11 97 82 0111 1011
11 97 84 0111 1100
11 97 17 0111 1101
11 97 56 0111 1110
11 97 32 0111 1111
11 2 2 1000 1001
11 2 25 1000 1010
11 2 82 1000 1011
11 2 84 1000 1100
11 2 17 1000 1101
11 2 56 1000 1110
11 2 32 1000 1111
11 2 25 1001 1010
11 2 82 1001 1011
11 2 84 1001 1100
11 2 17 1001 1101
11 2 56 1001 1110
11 2 32 1001 1111
11 25 82 1010 1011
11 25 84 1010 1100
11 25 17 1010 1101
11 25 56 1010 1110
11 25 32 1010 1111
11 82 84 1011 1100
11 82 17 1011 1101
11 82 56 1011 1110
11 82 32 1011 1111
11 84 17 1100 1101
11 84 56 1100 1110
11 84 32 1100 1111
11 17 56 1101 1110
11 17 32 1101 1111
11 56 32 1110 1111
12 75 26 0000 0001
12 75 45 0000 0010
12 75 72 0000 0011
12 75 81 0000 0100
12 75 47 0000 0101
12 75 97 0000 0110
12 75 97 0000 0111
12 75 2 0000 1000
12 75 2 0000 1001
12 75 25 0000 1010
12 75 82 0000 1011
12 75 84 0000 1100
12 26 45 0001 0010
12 26 72 0001 0011
12 26 81 0001 0100
12 26 47 0001 0101
12 26 97 0001 0110
12 26 97 0001 0111
12 26 2 0001 1000
12 26 2 0001 1001
12 26 25 0001 1010
12 26 82 0001 1011
12 26 84 0001 1100
12 26 17 0001 1101
12 26 56 0001 1110
12 26 32 0001 1111
12 45 72 0010 0011
12 45 81 0010 0100
12 45 47 0010 0101
12 45 97 0010 0110
12 45 97 0010 0111
12 45 2 0010 1000
12 45 2 0010 1001
12 45 25 0010 1010
12 45 82 0010 1011
12 45 84 0010 1100
12 45 17 0010 1101
12 45 56 0010 1110
12 45 32 0010 1111
12 72 81 0011 0100
12 72 47 0011 0101
12 72 97 0011 0110
12 72 97 0011 0111
12 72 2 0011 1000
12 72 2 0011 1001
12 72 25 0011 1010
12 72 82 0011 1011
12 72 84 0011 1100
12 72 17 0011 1101
12 72 56 0011 1110
12 72 32 0011 1111
12 81 47 0100 0101
12 81 97 0100 0110
12 81 97 0100 0111
12 81 2 0100 1000
12 81 2 0100 1001
12 81 25 0100 1010
12 81 82 0100 1011
12 81 84 0100 1100
12 81 17 0100 1101
12 81 56 0100 1110
12 81 32 0100 1111
12 47 97 0101 0110
12 47 97 0101 0111
12 47 2 0101 1000
12 47 2 0101 1001
12 47 25 0101 1010
12 47 82 0101 1011
12 47 84 0101 1100
12 47 17 0101 1101
12 47 56 0101 1110
12 47 32 0101 1111
12 97 97 0110 0111
12 97 2 0110 1000
12 97 2 0110 1001
12 97 25 0110 1010
12 97 82 0110 1011
12 97 84 0110 1100
12 97 17 0110 1101
12 97 56 0110 1110
12 97 32 0110 1111
12 97 2 0111 1000
12 97 2 0111 1001
12 97 25 0111 1010
12 97 82 0111 1011
12 97 84 0111 1100
12 97 17 0111 1101
12 97 56 0111 1110
12 97 32 0111 1111
12 2 2 1000 1001
12 2 25 1000 1010
12 2 82 1000 1011
12 2 84 1000 1100
12 2 17 1000 1101
12 2 56 1000 1110
12 2 32 1000 1111
12 2 25 1001 1010
12 2 82 1001 1011
12 2 84 1001 1100
12 2 17 1001 1101
12 2 56 1001 1110
12 2 32 1001 1111
12 25 82 1010 1011
12 25 84 1010 1100
12 25 17 1010 1101
12 25 56 1010 1110
12 25 32 1010 1111
12 82 84 1011 1100
12 82 17 1011 1101
12 82 56 1011 1110
12 82 32 1011 1111
12 84 17 1100 1101
12 84 56 1100 1110
12 84 32 1100 1111
12 17 56 1101 1110
12 17 32 1101 1111
12 56 32 1110 1111
13 75 26 0000 0001
13 75 45 0000 0010
13 75 72 0000 0011
13 75 81 0000 0100
13 75 47 0000 0101
13 75 97 0000 0110
13 75 97 0000 0111
13 75 2 0000 1000
13 75 2 0000 1001
13 75 25 0000 1010
13 75 82 0000 1011
13 75 84 0000 1100
13 75 17 0000 1101
13 26 45 0001 0010
13 26 72 0001 0011
13 26 81 0001 0100
13 26 47 0001 0101
13 26 97 0001 0110
13 26 97 0001 0111
13 26 2 0001 1000
13 26 2 0001 1001
13 26 25 0001 1010
13 26 82 0001 1011
13 26 84 0001 1100
13 26 17 0001 1101
13 26 56 0001 1110
13 26 32 0001 1111
13 45 72 0010 0011
13 45 81 0010 0100
13 45 47 0010 0101
13 45 97 0010 0110
13 45 97 0010 0111
13 45 2 0010 1000
13 45 2 0010 1001
13 45 25 0010 1010
13 45 82 0010 1011
13 45 84 0010 1100
13 45 17 0010 1101
13 45 56 0010 1110
13 45 32 0010 1111
13 72 81 0011 0100
13 72 47 0011 0101
13 72 97 0011 0110
13 72 97 0011 0111
13 72 2 0011 1000
13 72 2 0011 1001
13 72 25 0011 1010
13 72 82 0011 1011
13 72 84 0011 1100
13 72 17 0011 1101
13 72 56 0011 1110
13 72 32 0011 1111
13 81 47 0100 0101
13 81 97 0100 0110
13 81 97 0100 0111
13 81 2 0100 1000
13 81 2 0100 1001
13 81 25 0100 1010
13 81 82 0100 1011
13 81 84 0100 1100
13 81 17 0100 1101
13 81 56 0100 1110
13 81 32 0100 1111
13 47 97 0101 0110
13 47 97 0101 0111
13 47 2 0101 1000
13 47 2 0101 1001
13 47 25 0101 1010
13 47 82 0101 1011
13 47 84 0101 1100
13 47 17 0101 1101
13 47 56 0101 1110
13 47 32 0101 1111
13 97 97 0110 0111
13 97 2 0110 1000
13 97 2 0110 1001
13 97 25 0110 1010
13 97 82 0110 1011
13 97 84 0110 1100
13 97 17 0110 1101
13 97 56 0110 1110
13 97 32 0110 1111
13 97 2 0111 1000
13 97 2 0111 1001
13 97 25 0111 1010
13 97 82 0111 1011
13 97 84 0111 1100
13 97 17 0111 1101
13 97 56 0111 1110
13 97 32 0111 1111
13 2 2 1000 1001
13 2 25 1000 1010
13 2 82 1000 1011
13 2 84 1000 1100
13 2 17 1000 1101
13 2 56 1000 1110
13 2 32 1000 1111
13 2 25 1001 1010
13 2 82 1001 1011
13 2 84 1001 1100
13 2 17 1001 1101
13 2 56 1001 1110
13 2 32 1001 1111
13 25 82 1010 1011
13 25 84 1010 1100
13 25 17 1010 1101
13 25 56 1010 1110
13 25 32 1010 1111
13 82 84 1011 1100
13 82 17 1011 1101
13 82 56 1011 1110
13 82 32 1011 1111
13 84 17 1100 1101
13 84 56 1100 1110
13 84 32 1100 1111
13 17 56 1101 1110
13 17 32 1101 1111
13 56 32 1110 1111
14 75 26 0000 0001
14 75 45 0000 0010
14 75 72 0000 0011
14 75 81 0000 0100
14 75 47 0000 0101
14 75 97 0000 0110
14 75 97 0000 0111
14 75 2 0000 1000
14 75 2 0000 1001
14 75 25 0000 1010
14 75 82 0000 1011
14 75 84 0000 1100
14 75 17 0000 1101
14 75 56 0000 1110
14 26 45 0001 0010
14 26 72 0001 0011
14 26 81 0001 0100
14 26 47 0001 0101
14 26 97 0001 0110
14 26 97 0001 0111
14 26 2 0001 1000
14 26 2 0001 1001
14 26 25 0001 1010
14 26 82 0001 1011
14 26 84 0001 1100
14 26 17 0001 1101
14 26 56 0001 1110
14 26 32 0001 1111
14 45 72 0010 0011
14 45 81 0010 0100
14 45 47 0010 0101
14 45 97 0010 0110
14 45 97 0010 0111
14 45 2 0010 1000
14 45 2 0010 1001
14 45 25 0010 1010
14 45 82 0010 1011
14 45 84 0010 1100
14 45 17 0010 1101
14 45 56 0010 1110
14 45 32 0010 1111
14 72 81 0011 0100
14 72 47 0011 0101
14 72 97 0011 0110
14 72 97 0011 0111
14 72 2 0011 1000
14 72 2 0011 1001
14 72 25 0011 1010
14 72 82 0011 1011
14 72 84 0011 1100
14 72 17 0011 1101
14 72 56 0011 1110
14 72 32 0011 1111
14 81 47 0100 0101
14 81 97 0100 0110
14 81 97 0100 0111
14 81 2 0100 1000
14 81 2 0100 1001
14 81 25 0100 1010
14 81 82 0100 1011
14 81 84 0100 1100
14 81 17 0100 1101
14 81 56 0100 1110
14 81 32 0100 1111
14 47 97 0101 0110
14 47 97 0101 0111
14 47 2 0101 1000
14 47 2 0101 1001
14 47 25 0101 1010
14 47 82 0101 1011
14 47 84 0101 1100
14 47 17 0101 1101
14 47 56 0101 1110
14 47 32 0101 1111
14 97 97 0110 0111
14 97 2 0110 1000
14 97 2 0110 1001
14 97 25 0110 1010
14 97 82 0110 1011
14 97 84 0110 1100
14 97 17 0110 1101
14 97 56 0110 1110
14 97 32 0110 1111
14 97 2 0111 1000
14 97 2 0111 1001
14 97 25 0111 1010
14 97 82 0111 1011
14 97 84 0111 1100
14 97 17 0111 1101
14 97 56 0111 1110
14 97 32 0111 1111
14 2 2 1000 1001
14 2 25 1000 1010
14 2 82 1000 1011
14 2 84 1000 1100
14 2 17 1000 1101
14 2 56 1000 1110
14 2 32 1000 1111
14 2 25 1001 1010
14 2 82 1001 1011
14 2 84 1001 1100
14 2 17 1001 1101
14 2 56 1001 1110
14 2 32 1001 1111
14 25 82 1010 1011
14 25 84 1010 1100
14 25 17 1010 1101
14 25 56 1010 1110
14 25 32 1010 1111
14 82 84 1011 1100
14 82 17 1011 1101
14 82 56 1011 1110
14 82 32 1011 1111
14 84 17 1100 1101
14 84 56 1100 1110
14 84 32 1100 1111
14 17 56 1101 1110
14 17 32 1101 1111
14 56 32 1110 1111
15 75 26 0000 0001
15 75 45 0000 0010
15 75 72 0000 0011
15 75 81 0000 0100
15 75 47 0000 0101
15 75 97 0000 0110
15 75 97 0000 0111
15 75 2 0000 1000
15 75 2 0000 1001
15 75 25 0000 1010
15 75 82 0000 1011
15 75 84 0000 1100
15 75 17 0000 1101
15 75 56 0000 1110
15 75 32 0000 1111
15 26 45 0001 0010
15 26 72 0001 0011
15 26 81 0001 0100
15 26 47 0001 0101
15 26 97 0001 0110
15 26 97 0001 0111
15 26 2 0001 1000
15 26 2 0001 1001
15 26 25 0001 1010
15 26 82 0001 1011
15 26 84 0001 1100
15 26 17 0001 1101
15 26 56 0001 1110
15 26 32 0001 1111
15 45 72 0010 0011
15 45 81 0010 0100
15 45 47 0010 0101
15 45 97 0010 0110
15 45 97 0010 0111
15 45 2 0010 1000
15 45 2 0010 1001
15 45 25 0010 1010
15 45 82 0010 1011
15 45 84 0010 1100
15 45 17 0010 1101
15 45 56 0010 1110
15 45 32 0010 1111
15 72 81 0011 0100
15 72 47 0011 0101
15 72 97 0011 0110
15 72 97 0011 0111
15 72 2 0011 1000
15 72 2 0011 1001
15 72 25 0011 1010
15 72 82 0011 1011
15 72 84 0011 1100
15 72 17 0011 1101
15 72 56 0011 1110
15 72 32 0011 1111
15 81 47 0100 0101
15 81 97 0100 0110
15 81 97 0100 0111
15 81 2 0100 1000
15 81 2 0100 1001
15 81 25 0100 1010
15 81 82 0100 1011
15 81 84 0100 1100
15 81 17 0100 1101
15 81 56 0100 1110
15 81 32 0100 1111
15 47 97 0101 0110
15 47 97 0101 0111
15 47 2 0101 1000
15 47 2 0101 1001
15 47 25 0101 1010
15 47 82 0101 1011
15 47 84 0101 1100
15 47 17 0101 1101
15 47 56 0101 1110
15 47 32 0101 1111
15 97 97 0110 0111
15 97 2 0110 1000
15 97 2 0110 1001
15 97 25 0110 1010
15 97 82 0110 1011
15 97 84 0110 1100
15 97 17 0110 1101
15 97 56 0110 1110
15 97 32 0110 1111
15 97 2 0111 1000
15 97 2 0111 1001
15 97 25 0111 1010
15 97 82 0111 1011
15 97 84 0111 1100
15 97 17 0111 1101
15 97 56 0111 1110
15 97 32 0111 1111
15 2 2 1000 1001
15 2 25 1000 1010
15 2 82 1000 1011
15 2 84 1000 1100
15 2 17 1000 1101
15 2 56 1000 1110
15 2 32 1000 1111
15 2 25 1001 1010
15 2 82 1001 1011
15 2 84 1001 1100
15 2 17 1001 1101
15 2 56 1001 1110
15 2 32 1001 1111
15 25 82 1010 1011
15 25 84 1010 1100
15 25 17 1010 1101
15 25 56 1010 1110
15 25 32 1010 1111
15 82 84 1011 1100
15 82 17 1011 1101
15 82 56 1011 1110
15 82 32 1011 1111
15 84 17 1100 1101
15 84 56 1100 1110
15 84 32 1100 1111
15 17 56 1101 1110
15 17 32 1101 1111
15 56 32 1110 1111
