0 45 90
0 22.5 45
0 11.25 22.5
0 5.625 11.25
0 2.8125 5.625
0 1.40625 2.8125
0 0.703125 1.40625
0 0.351562 0.703125
0 0.175781 0.351562
0 0.0878906 0.175781
0.0878906 0.131836 0.175781
0.0878906 0.109863 0.131836
0.0878906 0.098877 0.109863
0.098877 0.10437 0.109863
0.10437 0.107117 0.109863
0.107117 0.10849 0.109863
0.107117 0.107803 0.10849
0.107803 0.108147 0.10849
0.108147 0.108318 0.10849
0.108147 0.108232 0.108318
0.108232 0.108275 0.108318
0.108232 0.108254 0.108275
0.108254 0.108265 0.108275
0.108265 0.10827 0.108275
0.108265 0.108267 0.10827
0.108267 0.108269 0.10827
0.108269 0.108269 0.10827
0.108269 0.108269 0.108269
0.108269 0.108269 0.108269
0.108269 0.108269 0.108269
0.108269 0.108269 0.108269
0.108269 0.108269 0.108269
0.108269 0.108269 0.108269
0.108269 0.108269 0.108269
0.108269 0.108269 0.108269
0.108269 0.108269 0.108269
0.108269 0.108269 0.108269
89.8917
