0100000011000000000000000000000000000000000000000000000000000000
-9187202502347456512
-9169328841326329856
-4593671619917905920
-4575657221408423936
-2305843009213693952
7
14
28
56
112
224
259
515
518
769
770
1030
1036
1538
1540
1792
2060
2072
3076
3080
3584
4120
4144
6152
6160
7168
8240
8288
12304
12320
14336
16480
16576
24608
24640
28672
32960
49216
49280
57344
65793
66304
131586
131840
132608
196864
197120
263172
263680
265216
393728
394240
458752
526344
527360
530432
787456
788480
917504
1052688
1054720
1060864
1574912
1576960
1835008
2105376
2109440
2121728
3149824
3153920
3670016
4210752
4218880
4243456
6299648
6307840
7340032
8421504
8437760
12599296
12615680
14680064
16843008
16973824
33686016
33751040
33947648
50397184
50462720
67372032
67502080
67895296
100794368
100925440
117440512
134744064
135004160
135790592
201588736
201850880
234881024
269488128
270008320
271581184
403177472
403701760
469762048
538976256
540016640
543162368
806354944
807403520
939524096
1077952512
1080033280
1086324736
1612709888
1614807040
1879048192
2155905024
2160066560
3225419776
3229614080
3758096384
4311810048
4345298944
8623620096
8640266240
8690597888
12901679104
12918456320
17247240192
17280532480
17381195776
25803358208
25836912640
30064771072
34494480384
34561064960
34762391552
51606716416
51673825280
60129542144
68988960768
69122129920
69524783104
103213432832
103347650560
120259084288
137977921536
138244259840
139049566208
206426865664
206695301120
240518168576
275955843072
276488519680
278099132416
412853731328
413390602240
481036337152
551911686144
552977039360
825707462656
826781204480
962072674304
1103823372288
1112396529664
2207646744576
2211908157440
2224793059328
3302829850624
3307124817920
4415293489152
4423816314880
4449586118656
6605659701248
6614249635840
7696581394432
8830586978304
8847632629760
8899172237312
13211319402496
13228499271680
15393162788864
17661173956608
17695265259520
17798344474624
26422638804992
26456998543360
30786325577728
35322347913216
35390530519040
35596688949248
52845277609984
52913997086720
61572651155456
70644695826432
70781061038080
71193377898496
105690555219968
105827994173440
123145302310912
141289391652864
141562122076160
211381110439936
211655988346880
246290604621824
282578783305728
284773511593984
565157566611456
566248488304640
569547023187968
845524441759744
846623953387520
1130315133222912
1132496976609280
1139094046375936
1691048883519488
1693247906775040
1970324836974592
2260630266445824
2264993953218560
2278188092751872
3382097767038976
3386495813550080
3940649673949184
4521260532891648
4529987906437120
4556376185503744
6764195534077952
6772991627100160
7881299347898368
9042521065783296
9059975812874240
9112752371007488
13528391068155904
13545983254200320
15762598695796736
18085042131566592
18119951625748480
18225504742014976
27056782136311808
27091966508400640
31525197391593472
36170084263133184
36239903251496960
54113564272623616
54183933016801280
63050394783186944
72340168526266368
72902018968059904
144680337052532736
144959613005987840
145804037936119808
216454257090494464
216735732067205120
289360674105065472
289919226011975680
291608075872239616
432908514180988928
433471464134410240
504403158265495552
578721348210130944
579838452023951360
583216151744479232
865817028361977856
866942928268820480
1008806316530991104
1157442696420261888
1159676904047902720
1166432303488958464
1731634056723955712
1733885856537640960
2017612633061982208
2314885392840523776
2319353808095805440
2332864606977916928
3463268113447911424
3467771713075281920
4035225266123964416
4629770785681047552
4638707616191610880
6926536226895822848
6935543426150563840
8070450532247928832
